第1个点的真值:
[ 729511.7112, 4343111.6129,    1499.2374]
第1个点的初始近似值:
[0, 0, 0]

第1个点在第1轮平差后的改正数：
[729511.773128629, 4343111.53232384, 1499.54971599579]
第1个点在第1轮平差后的平差值：
[729511.773128629, 4343111.53232384, 1499.54971599579]
第1个点在第1轮平差后的单位权中误差：
0.000279527
第1个点在第1轮平差后的未知数中误差：
[ 0.00624050467235388, -0.00685091113599249,   0.0270680988895414;
 -0.00685091113599249,  0.00759314306771777,  -0.0298717653302442;
   0.0270680988895414,  -0.0298717653302442,    0.118024251982639]

第1个点在第2轮平差后的改正数：
[-0.0619016761475022,  0.0805438201101312,  -0.312339263479071]
第1个点在第2轮平差后的平差值：
[729511.711226953, 4343111.61286766, 1499.23737673231]
第1个点在第2轮平差后的单位权中误差：
0.00114274
第1个点在第2轮平差后的未知数中误差：
[ 0.00293905571247055, -0.00225567962694594,  0.00912791079963975;
 -0.00225567962694594,  0.00577110623731752,  -0.0165097223181501;
  0.00912791079963975,  -0.0165097223181501,   0.0668529359158075]
*********************************************************************************************
第2个点的真值:
[ 729544.9009, 4343902.7415,    1477.1709]
第2个点的初始近似值:
[0, 0, 0]

第2个点在第1轮平差后的改正数：
[729545.247094989, 4343902.37767828, 1478.52951860428]
第2个点在第1轮平差后的平差值：
[729545.247094989, 4343902.37767828, 1478.52951860428]
第2个点在第1轮平差后的单位权中误差：
0.000842657
第2个点在第1轮平差后的未知数中误差：
[ 0.0349229825419884, -0.0525474419155619,   0.154280974312845;
 -0.0525474419155619,  0.0800358798415607,  -0.234120396249824;
   0.154280974312845,  -0.234120396249824,     0.6873867309885]

第2个点在第2轮平差后的改正数：
[-0.346216978446174,  0.363852747627448,  -1.35866083960495]
第2个点在第2轮平差后的平差值：
[ 729544.90087801, 4343902.74153102, 1477.17085776467]
第2个点在第2轮平差后的单位权中误差：
0.00223439
第2个点在第2轮平差后的未知数中误差：
[ 0.0159537884131353, -0.0185186788946484,  0.0597621050670439;
 -0.0185186788946484,  0.0428698081596388,  -0.117238251487797;
  0.0597621050670439,  -0.117238251487797,   0.378421846942642]

第2个点在第3轮平差后的改正数：
[-2.41331549863471e-07,  -5.0582546558379e-07, -1.53853570566838e-06]
第2个点在第3轮平差后的平差值：
[729544.900877769, 4343902.74153052, 1477.17085622614]
第2个点在第3轮平差后的单位权中误差：
0.00223407
第2个点在第3轮平差后的未知数中误差：
[ 0.0159538676130031, -0.0185187505921747,  0.0597623710856928;
 -0.0185187505921747,  0.0428698803378716,  -0.117238489447276;
  0.0597623710856928,  -0.117238489447276,   0.378422835108542]
*********************************************************************************************
第3个点的真值:
[ 731307.6935, 4343593.5444,    1507.7719]
第3个点的初始近似值:
[0, 0, 0]

第3个点在第1轮平差后的改正数：
[731307.604800522, 4343593.63190055, 1507.25855064392]
第3个点在第1轮平差后的平差值：
[731307.604800522, 4343593.63190055, 1507.25855064392]
第3个点在第1轮平差后的单位权中误差：
0.000304431
第3个点在第1轮平差后的未知数中误差：
[ 0.000117678680039787, -0.000854570050107275,   0.00278157824154244;
 -0.000854570050107275,   0.00927515468060243,   -0.0300643662615199;
   0.00278157824154244,   -0.0300643662615199,    0.0978581281587218]

第3个点在第2轮平差后的改正数：
[  0.088670242422039, -0.0874613792470963,   0.513321988681512]
第3个点在第2轮平差后的平差值：
[731307.693470765, 4343593.54443917,  1507.7718726326]
第3个点在第2轮平差后的单位权中误差：
0.00124195
第3个点在第2轮平差后的未知数中误差：
[ 0.00195316769511454, -0.00109984103013768,  0.00396369522657382;
 -0.00109984103013768,  0.00632094469215652,  -0.0166336289546937;
  0.00396369522657382,  -0.0166336289546937,   0.0597916699673515]

第3个点在第3轮平差后的改正数：
[ -9.0990003146481e-08,  4.98454077316369e-08, -9.42555452195085e-08]
第3个点在第3轮平差后的平差值：
[731307.693470674, 4343593.54443922, 1507.77187253835]
第3个点在第3轮平差后的单位权中误差：
0.00124201
第3个点在第3轮平差后的未知数中误差：
[0.00195316248961329, -0.0010998368422401, 0.00396367909646568;
 -0.0010998368422401, 0.00632092843834342, -0.0166335799625634;
 0.00396367909646568, -0.0166335799625634,  0.0597914770134128]
*********************************************************************************************
第4个点的真值:
[ 731186.1346, 4343873.7372,    1498.2891]
第4个点的初始近似值:
[0, 0, 0]

第4个点在第1轮平差后的改正数：
[  731186.4932134, 4343873.74604392,  1496.7845287323]
第4个点在第1轮平差后的平差值：
[  731186.4932134, 4343873.74604392,  1496.7845287323]
第4个点在第1轮平差后的单位权中误差：
0.00163019
第4个点在第1轮平差后的未知数中误差：
[0.00465046283236402, -0.0288884513774803,  0.0855091787686968;
 -0.0288884513774803,   0.236461208593726,  -0.696648613750587;
  0.0855091787686968,  -0.696648613750587,    2.06207217070745]

第4个点在第2轮平差后的改正数：
[  -0.358595539214764, -0.00881286610036836,     1.50456025827326]
第4个点在第2轮平差后的平差值：
[731186.134617861, 4343873.73723105, 1498.28908899057]
第4个点在第2轮平差后的单位权中误差：
0.0035688
第4个点在第2轮平差后的未知数中误差：
[ 0.0161406004631659, -0.0089976729483548,  0.0309318767594824;
 -0.0089976729483548,    0.05161383387689,  -0.128969137620744;
  0.0309318767594824,  -0.128969137620744,   0.442470583540717]

第4个点在第3轮平差后的改正数：
[ 1.34667915064521e-06,  4.39858138093503e-07, -1.49239514934739e-06]
第4个点在第3轮平差后的平差值：
[731186.134619208, 4343873.73723149, 1498.28908749818]
第4个点在第3轮平差后的单位权中误差：
0.00356939
第4个点在第3轮平差后的未知数中误差：
[   0.016140653378654, -0.00899770177356476,   0.0309319370404619;
 -0.00899770177356476,   0.0516140535717039,   -0.128969556961057;
   0.0309319370404619,   -0.128969556961057,    0.442471443926102]
*********************************************************************************************
第5个点的真值:
[ 731817.0448, 4343939.1611,    1505.4994]
第5个点的初始近似值:
[0, 0, 0]

第5个点在第1轮平差后的改正数：
[731816.854033515, 4343939.06921542,  1506.0585026741]
第5个点在第1轮平差后的平差值：
[731816.854033515, 4343939.06921542,  1506.0585026741]
第5个点在第1轮平差后的单位权中误差：
0.000601868
第5个点在第1轮平差后的未知数中误差：
[0.000383969762607375,    0.002747610746806, -0.00795139814756238;
    0.002747610746806,   0.0324642415961495,  -0.0935138548492347;
 -0.00795139814756238,  -0.0935138548492347,    0.270623358255432]

第5个点在第2轮平差后的改正数：
[ 0.190784695804014, 0.0918745519891355,  -0.55909116954877]
第5个点在第2轮平差后的平差值：
[731817.044818211, 4343939.16108997, 1505.49941150455]
第5个点在第2轮平差后的单位权中误差：
0.00171623
第5个点在第2轮平差后的未知数中误差：
[ 0.00285829006247304, 0.000403021399615075, -0.00130084845039054;
 0.000403021399615075,   0.0117266026423291,  -0.0289762504459663;
 -0.00130084845039054,  -0.0289762504459663,     0.09454058472998]

第5个点在第3轮平差后的改正数：
[  1.9710432887132e-07, -2.31435193699576e-07, -3.84113399469039e-07]
第5个点在第3轮平差后的平差值：
[731817.044818408, 4343939.16108974, 1505.49941112044]
第5个点在第3轮平差后的单位权中误差：
0.00171613
第5个点在第3轮平差后的未知数中误差：
[  0.0028582931445441, 0.000403022130855755, -0.00130085136159426;
 0.000403022130855755,   0.0117266153568389,  -0.0289762917545526;
 -0.00130085136159426,  -0.0289762917545526,   0.0945407514057054]
*********************************************************************************************
第6个点的真值:
[ 733520.7536, 4343678.1151,    1526.3736]
第6个点的初始近似值:
[0, 0, 0]

第6个点在第1轮平差后的改正数：
[733520.603857338, 4343678.71896733, 1525.70877373219]
第6个点在第1轮平差后的平差值：
[733520.603857338, 4343678.71896733, 1525.70877373219]
第6个点在第1轮平差后的单位权中误差：
0.0018921
第6个点在第1轮平差后的未知数中误差：
[ 0.0127061090222469,  0.0170242497644381, -0.0538049869135148;
  0.0170242497644381,  0.0272311373466411, -0.0814467012403474;
 -0.0538049869135148, -0.0814467012403474,   0.257421703357889]

第6个点在第2轮平差后的改正数：
[ 0.149710362454229, -0.603890445923216,  0.664834440582687]
第6个点在第2轮平差后的平差值：
[733520.753567701, 4343678.11507689, 1526.37360817277]
第6个点在第2轮平差后的单位权中误差：
0.00362925
第6个点在第2轮平差后的未知数中误差：
[  0.0165693800090547, -0.00148865143241708,  0.00588067160534177;
 -0.00148865143241708,   0.0471151809769394,   -0.120558016654045;
  0.00588067160534177,   -0.120558016654045,    0.474467987293964]

第6个点在第3轮平差后的改正数：
[-3.44359584736257e-07,   1.6200299775871e-06, -2.08008557076692e-06]
第6个点在第3轮平差后的平差值：
[733520.753567356, 4343678.11507851, 1526.37360609268]
第6个点在第3轮平差后的单位权中误差：
0.00362951
第6个点在第3轮平差后的未知数中误差：
[  0.0165693840460295, -0.00148865068269386,  0.00588066428959737;
 -0.00148865068269386,   0.0471152144106406,   -0.120558039930962;
  0.00588066428959737,   -0.120558039930962,    0.474467715058906]
*********************************************************************************************
第7个点的真值:
[ 733930.3547, 4343651.5112,    1526.4311]
第7个点的初始近似值:
[0, 0, 0]

第7个点在第1轮平差后的改正数：
[ 733930.39000503, 4343651.39867771,  1526.3780785501]
第7个点在第1轮平差后的平差值：
[ 733930.39000503, 4343651.39867771,  1526.3780785501]
第7个点在第1轮平差后的单位权中误差：
0.000921006
第7个点在第1轮平差后的未知数中误差：
[ 0.00274251104595835,  0.00301405287254611, -0.00961965317803471;
  0.00301405287254611,  0.00412783669744264,  -0.0120804714762444;
 -0.00961965317803471,  -0.0120804714762444,   0.0385584916314892]

第7个点在第2轮平差后的改正数：
[-0.0353277408949707,   0.112549581674218,  0.0529806400934395]
第7个点在第2轮平差后的平差值：
[733930.354677289, 4343651.51122729, 1526.43105919019]
第7个点在第2轮平差后的单位权中误差：
0.00174662
第7个点在第2轮平差后的未知数中误差：
[  0.00332372919080082,  -0.00029482243021326,   0.00114501701923816;
 -0.000294822430213259,   0.00817941680498681,   -0.0188315431484668;
   0.00114501701923816,   -0.0188315431484668,    0.0727223889372564]
*********************************************************************************************
第8个点的真值:
[733918.3917,  4343799.99,    1522.044]
第8个点的初始近似值:
[0, 0, 0]

第8个点在第1轮平差后的改正数：
[733918.316727623, 4343799.97211295, 1521.90393400192]
第8个点在第1轮平差后的平差值：
[733918.316727623, 4343799.97211295, 1521.90393400192]
第8个点在第1轮平差后的单位权中误差：
0.00082243
第8个点在第1轮平差后的未知数中误差：
[ 0.0033996643535639,  0.0040628490414872, -0.0123151516080345;
  0.0040628490414872, 0.00555999674932544, -0.0160165955414733;
 -0.0123151516080346, -0.0160165955414733,  0.0485506910736296]

第8个点在第2轮平差后的改正数：
[0.0749931406019775, 0.0178442977473744,  0.140086212444903]
第8个点在第2轮平差后的平差值：
[733918.391720764, 4343799.98995725, 1522.04402021437]
第8个点在第2轮平差后的单位权中误差：
0.0017839
第8个点在第2轮平差后的未知数中误差：
[ 0.00410186951240224, 0.000960561866360282, -0.00358774656480044;
 0.000960561866360282,   0.0121861110639123,  -0.0306712926063358;
 -0.00358774656480044,  -0.0306712926063358,    0.114719474091372]
*********************************************************************************************
第9个点的真值:
[ 735449.9519, 4343460.3389,    1544.0709]
第9个点的初始近似值:
[0, 0, 0]

第9个点在第1轮平差后的改正数：
[735449.881707489, 4343460.60881656, 1543.02127513289]
第9个点在第1轮平差后的平差值：
[735449.881707489, 4343460.60881656, 1543.02127513289]
第9个点在第1轮平差后的单位权中误差：
0.000383502
第9个点在第1轮平差后的未知数中误差：
[ 0.00246994563047685, -0.00315745209065545,   0.0115291771834538;
 -0.00315745209065545,   0.0167520161811986,   -0.054545715483379;
   0.0115291771834538,   -0.054545715483379,    0.199004536913397]

第9个点在第2轮平差后的改正数：
[0.0702135800104404, -0.269881064019641,   1.04965386694766]
第9个点在第2轮平差后的平差值：
[735449.951921069,  4343460.3389355, 1544.07092899984]
第9个点在第2轮平差后的单位权中误差：
0.00139703
第9个点在第2轮平差后的未知数中误差：
[  0.00245273521903487,  5.80523683310376e-06, -2.90240475843489e-05;
  5.80523683310376e-06,   0.00773378693184478,   -0.0200447468349517;
 -2.90240475843489e-05,   -0.0200447468349517,    0.0762106757124469]

第9个点在第3轮平差后的改正数：
[-6.57111008421429e-07, -2.36295512116893e-07,  2.17149142257924e-06]
第9个点在第3轮平差后的平差值：
[735449.951920411, 4343460.33893526, 1544.07093117133]
第9个点在第3轮平差后的单位权中误差：
0.00139719
第9个点在第3轮平差后的未知数中误差：
[  0.00245272909873417,    5.802017396113e-06, -2.90119365865352e-05;
    5.802017396113e-06,    0.0077337634555645,   -0.0200446752433729;
 -2.90119365865352e-05,   -0.0200446752433729,    0.0762103807844047]
*********************************************************************************************
第10个点的真值:
[  735253.532, 4343517.2207,    1541.5506]
第10个点的初始近似值:
[0, 0, 0]

第10个点在第1轮平差后的改正数：
[ 735253.42841666, 4343517.51283927, 1540.56271000206]
第10个点在第1轮平差后的平差值：
[ 735253.42841666, 4343517.51283927, 1540.56271000206]
第10个点在第1轮平差后的单位权中误差：
0.000468407
第10个点在第1轮平差后的未知数中误差：
[0.00458125609624812, -0.0066629891915899,  0.0237848937439047;
 -0.0066629891915899,  0.0261613074607719, -0.0837443744299652;
  0.0237848937439047, -0.0837443744299652,   0.298761518449979]

第10个点在第2轮平差后的改正数：
[  0.10354605521415, -0.292122232156428,     0.987936884065]
第10个点在第2轮平差后的平差值：
[735253.531962715, 4343517.22071703, 1541.55064688613]
第10个点在第2轮平差后的单位权中误差：
0.00159202
第10个点在第2轮平差后的未知数中误差：
[  0.00323110781620606, -0.000567224487845966,   0.00209692708358038;
 -0.000567224487845966,    0.0103686107839932,   -0.0266375406192719;
   0.00209692708358038,   -0.0266375406192719,    0.0989645459452526]

第10个点在第3轮平差后的改正数：
[-8.58615539362733e-07,  1.65487282423637e-07,  5.87840321461265e-07]
第10个点在第3轮平差后的平差值：
[735253.531961857,  4343517.2207172, 1541.55064747397]
第10个点在第3轮平差后的单位权中误差：
0.00159219
第10个点在第3轮平差后的未知数中误差：
[  0.00323109963470938, -0.000567226668898802,   0.00209693447600961;
 -0.000567226668898802,    0.0103685771724949,   -0.0266374411823483;
    0.0020969344760096,   -0.0266374411823483,    0.0989641494872957]
*********************************************************************************************
第11个点的真值:
[ 735587.9082, 4343523.6394,    1542.8877]
第11个点的初始近似值:
[0, 0, 0]

第11个点在第1轮平差后的改正数：
[735587.936999094, 4343523.59834091, 1542.92197018862]
第11个点在第1轮平差后的平差值：
[735587.936999094, 4343523.59834091, 1542.92197018862]
第11个点在第1轮平差后的单位权中误差：
0.000162758
第11个点在第1轮平差后的未知数中误差：
[ 0.000389650388335447, -0.000427738711722013,   0.00152364315782763;
 -0.000427738711722013,   0.00314389693983386,   -0.0100319366222109;
   0.00152364315782763,   -0.0100319366222109,    0.0356949500631047]

第11个点在第2轮平差后的改正数：
[-0.0288404565815991,  0.0410783339822854,  -0.034277836601411]
第11个点在第2轮平差后的平差值：
[735587.908158637, 4343523.63941924, 1542.88769235202]
第11个点在第2轮平差后的单位权中误差：
0.00124854
第11个点在第2轮平差后的未知数中误差：
[ 0.00197420474336777, 0.000254738454975062, -0.00094819405795636;
 0.000254738454975062,  0.00640703462379549,  -0.0164483524161994;
 -0.00094819405795636,  -0.0164483524161994,   0.0609291067077709]
*********************************************************************************************
第12个点的真值:
[ 735480.4326, 4343718.4113,    1536.7248]
第12个点的初始近似值:
[0, 0, 0]

第12个点在第1轮平差后的改正数：
[735480.365863971, 4343718.67254604, 1535.91362340748]
第12个点在第1轮平差后的平差值：
[735480.365863971, 4343718.67254604, 1535.91362340748]
第12个点在第1轮平差后的单位权中误差：
0.000834496
第12个点在第1轮平差后的未知数中误差：
[ 0.00823226727224683, -0.00396039628046333,   0.0130546966653759;
 -0.00396039628046333,   0.0512515779770369,   -0.142522223367307;
   0.0130546966653759,   -0.142522223367307,    0.468238601541065]

第12个点在第2轮平差后的改正数：
[0.0666932705786366, -0.261290251911683,  0.811157243966872]
第12个点在第2轮平差后的平差值：
[735480.432557241, 4343718.41125579, 1536.72478065145]
第12个点在第2轮平差后的单位权中误差：
0.0022305
第12个点在第2轮平差后的未知数中误差：
[ 0.00567793465934514,  0.00180168955429778, -0.00608887547022204;
  0.00180168955429778,   0.0181685431322495,  -0.0429644808150927;
 -0.00608887547022204,  -0.0429644808150927,    0.145111991824239]

第12个点在第3轮平差后的改正数：
[-1.05833978834284e-06, -3.95571490244937e-07,  2.57299214654948e-06]
第12个点在第3轮平差后的平差值：
[735480.432556183,  4343718.4112554, 1536.72478322444]
第12个点在第3轮平差后的单位权中误差：
0.00223069
第12个点在第3轮平差后的未知数中误差：
[ 0.00567792340830884,  0.00180167309982152, -0.00608881954464986;
  0.00180167309982152,   0.0181685161197347,  -0.0429644096942733;
 -0.00608881954464986,  -0.0429644096942733,    0.145111737533481]
*********************************************************************************************
第13个点的真值:
[735469.8624, 4343838.058,   1533.2046]
第13个点的初始近似值:
[0, 0, 0]

第13个点在第1轮平差后的改正数：
[735469.823769175, 4343838.35422985, 1532.20926883817]
第13个点在第1轮平差后的平差值：
[735469.823769175, 4343838.35422985, 1532.20926883817]
第13个点在第1轮平差后的单位权中误差：
0.000459359
第13个点在第1轮平差后的未知数中误差：
[ 0.00346295265728388, -0.00496831785309976,    0.015797392354807;
 -0.00496831785309976,   0.0302977362257146,   -0.088090087309867;
    0.015797392354807,   -0.088090087309867,    0.279862638766806]

第13个点在第2轮平差后的改正数：
[0.0386553346976928,  -0.29618770962861,  0.995371049099398]
第13个点在第2轮平差后的平差值：
[ 735469.86242451, 4343838.05804214, 1533.20463988727]
第13个点在第2轮平差后的单位权中误差：
0.00154766
第13个点在第2轮平差后的未知数中误差：
[  0.00265587767424192, -0.000545527271949429,   0.00187610661935769;
 -0.000545527271949429,   0.00903164107645846,   -0.0221883244366818;
   0.00187610661935769,   -0.0221883244366818,    0.0768429360992532]

第13个点在第3轮平差后的改正数：
[-4.21692902753368e-07,  5.66354701622859e-07, -4.28356675270913e-07]
第13个点在第3轮平差后的平差值：
[735469.862424089,  4343838.0580427, 1533.20463945891]
第13个点在第3轮平差后的单位权中误差：
0.00154783
第13个点在第3轮平差后的未知数中误差：
[  0.00265586684288332, -0.000545524963222008,   0.00187609765581581;
 -0.000545524963222008,   0.00903160543108709,    -0.022188227270071;
   0.00187609765581581,    -0.022188227270071,    0.0768425612830612]
*********************************************************************************************
第14个点的真值:
[ 735679.3134, 4343841.6514,    1535.7626]
第14个点的初始近似值:
[0, 0, 0]

第14个点在第1轮平差后的改正数：
[735679.352256461, 4343841.68441955, 1535.81433647871]
第14个点在第1轮平差后的平差值：
[735679.352256461, 4343841.68441955, 1535.81433647871]
第14个点在第1轮平差后的单位权中误差：
0.00032399
第14个点在第1轮平差后的未知数中误差：
[ 0.00143310670690515, -0.00145134788853616,  0.00461015515168934;
 -0.00145134788853616,   0.0150177926122465,  -0.0435813836475804;
  0.00461015515168934,  -0.0435813836475804,    0.138242678165064]

第14个点在第2轮平差后的改正数：
[-0.0388316098720238, -0.0330299212023676, -0.0517818038778437]
第14个点在第2轮平差后的平差值：
[735679.313424851, 4343841.65138963, 1535.76255467483]
第14个点在第2轮平差后的单位权中误差：
0.00154247
第14个点在第2轮平差后的未知数中误差：
[  0.00259127107731909, -3.60780650670216e-05,  0.000113903098552827;
 -3.60780650670216e-05,   0.00898434280345066,   -0.0220516459735809;
  0.000113903098552827,   -0.0220516459735809,    0.0762319863612691]
*********************************************************************************************
第15个点的真值:
[ 735257.7446, 4344018.2512,    1526.7091]
第15个点的初始近似值:
[0, 0, 0]

第15个点在第1轮平差后的改正数：
[735257.708540497, 4344018.21302073, 1526.92764532566]
第15个点在第1轮平差后的平差值：
[735257.708540497, 4344018.21302073, 1526.92764532566]
第15个点在第1轮平差后的单位权中误差：
0.000150456
第15个点在第1轮平差后的未知数中误差：
[ 0.000470927611349064, -0.000737934490829318,   0.00224483267476429;
 -0.000737934490829317,   0.00716786214827976,   -0.0205971616186352;
   0.00224483267476429,   -0.0205971616186352,    0.0625970626409996]

第15个点在第2轮平差后的改正数：
[0.0360604521948605, 0.0381833459800809, -0.218498536494365]
第15个点在第2轮平差后的平差值：
[ 735257.74460095, 4344018.25120407, 1526.70914678917]
第15个点在第2轮平差后的单位权中误差：
0.00158534
第15个点在第2轮平差后的未知数中误差：
[  0.00323249304554446, -0.000703710235201233,   0.00230801594454028;
 -0.000703710235201233,    0.0113367774106561,   -0.0269616024437885;
   0.00230801594454028,   -0.0269616024437885,    0.0892937518831989]
*********************************************************************************************
第16个点的真值:
[ 735632.4036, 4344069.3861,    1529.2565]
第16个点的初始近似值:
[0, 0, 0]

第16个点在第1轮平差后的改正数：
[735632.343022833, 4344069.34282792, 1529.45895346999]
第16个点在第1轮平差后的平差值：
[735632.343022833, 4344069.34282792, 1529.45895346999]
第16个点在第1轮平差后的单位权中误差：
0.000100812
第16个点在第1轮平差后的未知数中误差：
[ 0.000176434215918239,  5.86608714206277e-05, -0.000174203109126693;
  5.86608714206277e-05,   0.00335500034468921,    -0.009495209698516;
 -0.000174203109126693,    -0.009495209698516,    0.0283547086682822]

第16个点在第2轮平差后的改正数：
[0.0605606905080228, 0.0432961807494686,  -0.20241864265257]
第16个点在第2轮平差后的平差值：
[735632.403583523,  4344069.3861241, 1529.25653482734]
第16个点在第2轮平差后的单位权中误差：
0.00102484
第16个点在第2轮平差后的未知数中误差：
[  0.00133465346608775,  0.000174377145286065, -0.000573520872074767;
  0.000174377145286065,   0.00487239947915899,   -0.0114926060329241;
 -0.000573520872074767,   -0.0114926060329241,    0.0373426948539511]
*********************************************************************************************
第17个点的真值:
[ 735252.3268, 4344219.8131,    1521.1231]
第17个点的初始近似值:
[0, 0, 0]

第17个点在第1轮平差后的改正数：
[735252.292897169, 4344220.31984817, 1519.86519436538]
第17个点在第1轮平差后的平差值：
[735252.292897169, 4344220.31984817, 1519.86519436538]
第17个点在第1轮平差后的单位权中误差：
0.000967334
第17个点在第1轮平差后的未知数中误差：
[  0.012316613402662, -0.0119806675670233,  0.0334908080978114;
 -0.0119806675670233,  0.0905403029617941,  -0.223316001931032;
  0.0334908080978114,  -0.223316001931032,   0.623242027887284]

第17个点在第2轮平差后的改正数：
[0.0338970013912142, -0.506726364446661,    1.2579109347816]
第17个点在第2轮平差后的平差值：
[ 735252.32679417,  4344219.8131218, 1521.12310530016]
第17个点在第2轮平差后的单位权中误差：
0.00321152
第17个点在第2轮平差后的未知数中误差：
[  0.00997350823969676, -0.000940505124481867,   0.00276562639926159;
 -0.000940505124481867,    0.0378706037788037,   -0.0829169107884447;
   0.00276562639926159,   -0.0829169107884447,     0.246791454302512]

第17个点在第3轮平差后的改正数：
[-1.50143022145903e-06,  7.44724638916835e-08,   9.2625490585832e-07]
第17个点在第3轮平差后的平差值：
[735252.326792669, 4344219.81312188, 1521.12310622642]
第17个点在第3轮平差后的单位权中误差：
0.00321195
第17个点在第3轮平差后的未知数中误差：
[  0.00997347110748227, -0.000940528517534333,   0.00276569487425787;
 -0.000940528517534333,    0.0378704794840872,   -0.0829166307353294;
   0.00276569487425787,   -0.0829166307353294,     0.246790538002183]
*********************************************************************************************
第18个点的真值:
[ 729794.6162, 4340711.8778,    1574.3158]
第18个点的初始近似值:
[0, 0, 0]

第18个点在第1轮平差后的改正数：
[729794.573746145, 4340711.97545156, 1574.42675197124]
第18个点在第1轮平差后的平差值：
[729794.573746145, 4340711.97545156, 1574.42675197124]
第18个点在第1轮平差后的单位权中误差：
0.000538259
第18个点在第1轮平差后的未知数中误差：
[  0.0201042597958528,  0.00162627550656375,    0.100271474430006;
  0.00162627550656375, 0.000253267118006486,  0.00816049255128325;
    0.100271474430006,  0.00816049255128325,    0.503137571280861]

第18个点在第2轮平差后的改正数：
[ 0.0424144671110343, -0.0976254363965776,  -0.110968469443673]
第18个点在第2轮平差后的平差值：
[729794.616160612, 4340711.87782612,  1574.3157835018]
第18个点在第2轮平差后的单位权中误差：
0.00180523
第18个点在第2轮平差后的未知数中误差：
[  0.0060038821802376, 0.000211247191002831,   0.0173218719676666;
 0.000211247191002831,  0.00416555301384276,  0.00201389537212307;
   0.0173218719676666,  0.00201389537212307,    0.161607779428724]
*********************************************************************************************
第19个点的真值:
[ 729697.1347, 4341174.2179,    1559.6159]
第19个点的初始近似值:
[0, 0, 0]

第19个点在第1轮平差后的改正数：
[729697.073054618, 4341174.25628377,  1559.5727963876]
第19个点在第1轮平差后的平差值：
[729697.073054618, 4341174.25628377,  1559.5727963876]
第19个点在第1轮平差后的单位权中误差：
0.000322315
第19个点在第1轮平差后的未知数中误差：
[ 0.00779702995832772, -0.00133007315298144,   0.0369275403225562;
 -0.00133007315298144, 0.000271520144847394, -0.00633450364971775;
   0.0369275403225563, -0.00633450364971775,    0.175870661965669]

第19个点在第2轮平差后的改正数：
[  0.061599550107366, -0.0384311571806847,  0.0431108781818987]
第19个点在第2轮平差后的平差值：
[729697.134654168, 4341174.21785261, 1559.61590726578]
第19个点在第2轮平差后的单位权中误差：
0.00118537
第19个点在第2轮平差后的未知数中误差：
[  0.00276401858594967, -0.000314196997615798,   0.00824663568730797;
 -0.000314196997615798,   0.00189320718998407,  -0.00265631912428433;
   0.00824663568730797,  -0.00265631912428433,    0.0701569380665425]
*********************************************************************************************
第20个点的真值:
[ 731286.7973, 4338786.8355,    1649.3367]
第20个点的初始近似值:
[0, 0, 0]

第20个点在第1轮平差后的改正数：
[731286.693759114, 4338786.66937327, 1648.88035202026]
第20个点在第1轮平差后的平差值：
[731286.693759114, 4338786.66937327, 1648.88035202026]
第20个点在第1轮平差后的单位权中误差：
0.000281442
第20个点在第1轮平差后的未知数中误差：
[0.000194786810227207,  0.00122606903132959,  0.00521858078456278;
  0.00122606903132959,  0.00935223718534957,   0.0396639906388323;
  0.00521858078456278,   0.0396639906388323,    0.168823563542934]

第20个点在第2轮平差后的改正数：
[0.103491685383449, 0.166089352980667, 0.456312799148236]
第20个点在第2轮平差后的平差值：
[731286.797250799, 4338786.83546263, 1649.33666481941]
第20个点在第2轮平差后的单位权中误差：
0.00127301
第20个点在第2轮平差后的未知数中误差：
[0.00227403388611445, 0.00100549776297598, 0.00422768003233826;
 0.00100549776297598, 0.00540846583777507,   0.014485872557327;
 0.00422768003233826,   0.014485872557327,  0.0610903524412752]
*********************************************************************************************
第21个点的真值:
[ 731444.2354, 4340648.2709,    1596.8768]
第21个点的初始近似值:
[0, 0, 0]

第21个点在第1轮平差后的改正数：
[731444.108780521, 4340648.28977384, 1597.36437964439]
第21个点在第1轮平差后的平差值：
[731444.108780521, 4340648.28977384, 1597.36437964439]
第21个点在第1轮平差后的单位权中误差：
0.000353014
第21个点在第1轮平差后的未知数中误差：
[ 6.8678456721257e-05, 3.23789869247926e-05,  0.00134810579624375;
 3.23789869247926e-05, 0.000113548029126676,  0.00257426899927147;
  0.00134810579624375,  0.00257426899927147,    0.107174160517836]

第21个点在第2轮平差后的改正数：
[  0.126602590373492, -0.0188601689015263,  -0.487610232116873]
第21个点在第2轮平差后的平差值：
[731444.235383111, 4340648.27091367, 1596.87676941228]
第21个点在第2轮平差后的单位权中误差：
0.00130929
第21个点在第2轮平差后的未知数中误差：
[0.00165106846979772,  7.245665924358e-05, 0.00137925906590194;
  7.245665924358e-05,  0.0017525934220292, 0.00272450256617979;
 0.00137925906590194, 0.00272450256617979,  0.0534382303753237]
*********************************************************************************************
第22个点的真值:
[ 731410.0089, 4340725.4975,    1593.8307]
第22个点的初始近似值:
[0, 0, 0]

第22个点在第1轮平差后的改正数：
[731409.908559438, 4340725.54379869, 1594.18269681931]
第22个点在第1轮平差后的平差值：
[731409.908559438, 4340725.54379869, 1594.18269681931]
第22个点在第1轮平差后的单位权中误差：
0.000318267
第22个点在第1轮平差后的未知数中误差：
[8.79658709609923e-05, 3.93508864237388e-05,  0.00288324088265644;
 3.93508864237388e-05, 7.69284936268495e-05,  0.00250718117412753;
  0.00288324088265645,  0.00250718117412753,    0.183694352590935]

第22个点在第2轮平差后的改正数：
[  0.100389336820223, -0.0463158296752508,  -0.352011058134256]
第22个点在第2轮平差后的平差值：
[731410.008948775, 4340725.49748286, 1593.83068576117]
第22个点在第2轮平差后的单位权中误差：
0.0013097
第22个点在第2轮平差后的未知数中误差：
[  0.00213216949184848, -2.54826426931596e-06, -0.000424305167605654;
 -2.54826426931596e-06,   0.00215143219117365,   0.00130160258170419;
 -0.000424305167605654,   0.00130160258170419,    0.0734003469536068]
*********************************************************************************************
第23个点的真值:
[ 731329.9901, 4342545.4411,    1539.1945]
第23个点的初始近似值:
[0, 0, 0]

第23个点在第1轮平差后的改正数：
[731329.936933726, 4342545.46846235,  1539.6924302578]
第23个点在第1轮平差后的平差值：
[731329.936933726, 4342545.46846235,  1539.6924302578]
第23个点在第1轮平差后的单位权中误差：
0.00039755
第23个点在第1轮平差后的未知数中误差：
[  0.00014659256002996, -0.000606420434239543,   0.00319397671933925;
 -0.000606420434239543,   0.00460575102711355,   -0.0239126183830982;
   0.00319397671933925,   -0.0239126183830982,     0.125947049766001]

第23个点在第2轮平差后的改正数：
[ 0.0531359030283219, -0.0273631700771541,  -0.497933438859039]
第23个点在第2轮平差后的平差值：
[731329.990069629, 4342545.44109918, 1539.19449681894]
第23个点在第2轮平差后的单位权中误差：
0.00105883
第23个点在第2轮平差后的未知数中误差：
[  0.00112537737110225, -0.000214037723114987,   0.00138139046920244;
 -0.000214037723114987,   0.00193983263723929,  -0.00556118588967127;
   0.00138139046920244,  -0.00556118588967127,    0.0356613797616925]
*********************************************************************************************
第24个点的真值:
[ 731371.8871, 4342911.8684,    1527.4574]
第24个点的初始近似值:
[0, 0, 0]

第24个点在第1轮平差后的改正数：
[731371.874312766, 4342911.95328844,  1527.2614274025]
第24个点在第1轮平差后的平差值：
[731371.874312766, 4342911.95328844,  1527.2614274025]
第24个点在第1轮平差后的单位权中误差：
0.00018292
第24个点在第1轮平差后的未知数中误差：
[ 3.04144527736871e-05, -0.000179188323728223,  0.000774992789494142;
 -0.000179188323728223,   0.00196300357534475,  -0.00842971116513258;
  0.000774992789494142,  -0.00842971116513258,     0.036458795028936]

第24个点在第2轮平差后的改正数：
[  0.012815879252142, -0.0848514477004438,   0.195931432271954]
第24个点在第2轮平差后的平差值：
[731371.887128645, 4342911.86843699, 1527.45735883477]
第24个点在第2轮平差后的单位权中误差：
0.000702201
第24个点在第2轮平差后的未知数中误差：
[ 0.000603968545841051, -0.000228395035261175,   0.00112177279449663;
 -0.000228395035261175,   0.00133071176089023,  -0.00387708173472771;
   0.00112177279449663,  -0.00387708173472771,    0.0189681609698702]
*********************************************************************************************
第25个点的真值:
[ 734010.6303, 4337529.0285,    1705.8403]
第25个点的初始近似值:
[0, 0, 0]

第25个点在第1轮平差后的改正数：
[734010.638102591, 4337529.10620528, 1705.93852183223]
第25个点在第1轮平差后的平差值：
[734010.638102591, 4337529.10620528, 1705.93852183223]
第25个点在第1轮平差后的单位权中误差：
0.000534887
第25个点在第1轮平差后的未知数中误差：
[ 0.00162730200705519, -0.00213439089975292, -0.00558960284848119;
 -0.00213439089975292,  0.00313683152685096,  0.00790561254406705;
 -0.00558960284848119,  0.00790561254406705,   0.0207028970620519]

第25个点在第2轮平差后的改正数：
[-0.00784188987636565,  -0.0776910256917163,  -0.0981752817599959]
第25个点在第2轮平差后的平差值：
[734010.630260701, 4337529.02851426, 1705.84034655047]
第25个点在第2轮平差后的单位权中误差：
0.0024507
第25个点在第2轮平差后的未知数中误差：
[  0.00723986788622215,  -0.00038888365314117, -0.000991919389452372;
  -0.00038888365314117,    0.0417434924802197,    0.0889423726268618;
 -0.000991919389452372,    0.0889423726268618,     0.229046137121864]
*********************************************************************************************
第26个点的真值:
[ 733460.2902, 4339342.9443,    1655.2717]
第26个点的初始近似值:
[0, 0, 0]

第26个点在第1轮平差后的改正数：
[733460.365434799, 4339342.93751485, 1655.29684197903]
第26个点在第1轮平差后的平差值：
[733460.365434799, 4339342.93751485, 1655.29684197903]
第26个点在第1轮平差后的单位权中误差：
0.000447364
第26个点在第1轮平差后的未知数中误差：
[ 0.000697002939710277, -0.000516039303009311,  -0.00298832646963251;
 -0.000516039303009311,  0.000516279132301875,   0.00251066450408502;
  -0.00298832646963251,   0.00251066450408502,     0.014538105166692]

第26个点在第2轮平差后的改正数：
[-0.0752590380109156, 0.00680475074390298, -0.0251184320919615]
第26个点在第2轮平差后的平差值：
[733460.290175761,  4339342.9443196, 1655.27172354693]
第26个点在第2轮平差后的单位权中误差：
0.00153357
第26个点在第2轮平差后的未知数中误差：
[0.00336854369118248, 0.00146233230632804, 0.00708458539370725;
 0.00146233230632804, 0.00712258474276794,  0.0206152170691266;
 0.00708458539370725,  0.0206152170691266,  0.0996359397571518]
*********************************************************************************************
第27个点的真值:
[ 733452.4044, 4343368.7308,    1534.7027]
第27个点的初始近似值:
[0, 0, 0]

第27个点在第1轮平差后的改正数：
[ 733452.40472082, 4343368.80857454, 1534.58612787724]
第27个点在第1轮平差后的平差值：
[ 733452.40472082, 4343368.80857454, 1534.58612787724]
第27个点在第1轮平差后的单位权中误差：
0.000470752
第27个点在第1轮平差后的未知数中误差：
[ 0.00073760324175297, 0.000905021145376971, -0.00321134936756475;
 0.000905021145376971,  0.00135586924386485,  -0.0044902673851379;
 -0.00321134936756475,  -0.0044902673851379,   0.0159338287741548]

第27个点在第2轮平差后的改正数：
[-0.000301858594899587,   -0.0777504059456497,     0.116594783765316]
第27个点在第2轮平差后的平差值：
[733452.404418962, 4343368.73082414,   1534.702722661]
第27个点在第2轮平差后的单位权中误差：
0.000894549
第27个点在第2轮平差后的未知数中误差：
[  0.0010116896572371, -0.00012605680966373, 0.000573664808386117;
 -0.00012605680966373,  0.00239710228497764, -0.00634506297946286;
 0.000573664808386117, -0.00634506297946286,   0.0288056275777751]
*********************************************************************************************
第28个点的真值:
[ 733450.6175, 4343791.9322,    1521.5448]
第28个点的初始近似值:
[0, 0, 0]

第28个点在第1轮平差后的改正数：
[733450.580745056, 4343792.24396078, 1521.20490568876]
第28个点在第1轮平差后的平差值：
[733450.580745056, 4343792.24396078, 1521.20490568876]
第28个点在第1轮平差后的单位权中误差：
0.00127204
第28个点在第1轮平差后的未知数中误差：
[0.00536566674968054, 0.00770144316999098,   -0.02340772517136;
 0.00770144316999097,  0.0132639901408904, -0.0383076313942219;
   -0.02340772517136,  -0.038307631394222,   0.116436456335069]

第28个点在第2轮平差后的改正数：
[0.0367494507813335, -0.311804317854821,  0.339873762635496]
第28个点在第2轮平差后的平差值：
[733450.617494507, 4343791.93215647,  1521.5447794514]
第28个点在第2轮平差后的单位权中误差：
0.0024368
第28个点在第2轮平差后的未知数中误差：
[ 0.00753046068875921, -0.00114346310303597,  0.00430108317929923;
 -0.00114346310303597,   0.0226384931624651,  -0.0570457652759401;
  0.00430108317929923,  -0.0570457652759401,    0.214082952115413]
*********************************************************************************************
第29个点的真值:
[ 733235.7142, 4343989.1122,    1513.4827]
第29个点的初始近似值:
[0, 0, 0]

第29个点在第1轮平差后的改正数：
[733235.731164835, 4343989.14012513, 1513.37514066696]
第29个点在第1轮平差后的平差值：
[733235.731164835, 4343989.14012513, 1513.37514066696]
第29个点在第1轮平差后的单位权中误差：
0.000326861
第29个点在第1轮平差后的未知数中误差：
[0.000284079752410219, 0.000477494974222845, -0.00136097972724966;
 0.000477494974222845, 0.000991562295236719,  -0.0027019359443016;
 -0.00136097972724966,  -0.0027019359443016,  0.00770147334493194]

第29个点在第2轮平差后的改正数：
[-0.0170040145969938, -0.0278960601914496,   0.107577203434784]
第29个点在第2轮平差后的平差值：
[733235.714160821, 4343989.11222907,  1513.4827178704]
第29个点在第2轮平差后的单位权中误差：
0.000706275
第29个点在第2轮平差后的未知数中误差：
[ 0.000660664195320238, -0.000226070946956818,  0.000786114833816999;
 -0.000226070946956818,   0.00211829680056813,  -0.00518422817837805;
  0.000786114833816999,  -0.00518422817837805,    0.0180079692885235]
*********************************************************************************************
第30个点的真值:
[ 733275.8807, 4344317.7673,    1503.6868]
第30个点的初始近似值:
[0, 0, 0]

第30个点在第1轮平差后的改正数：
[733275.883224197,  4344317.8369014, 1503.55965346098]
第30个点在第1轮平差后的平差值：
[733275.883224197,  4344317.8369014, 1503.55965346098]
第30个点在第1轮平差后的单位权中误差：
0.000441517
第30个点在第1轮平差后的未知数中误差：
[0.000540125617798509, 0.000985606481114573, -0.00254448373315584;
 0.000985606481114573,  0.00218840282129418, -0.00544429839574519;
 -0.00254448373315584, -0.00544429839574519,   0.0140557029376498]

第30个点在第2轮平差后的改正数：
[-0.00249729623043268,  -0.0695623563718553,    0.127160047814836]
第30个点在第2轮平差后的平差值：
[733275.880726901, 4344317.76733904, 1503.68681350879]
第30个点在第2轮平差后的单位权中误差：
0.000842105
第30个点在第2轮平差后的未知数中误差：
[ 0.000931743756017718, -0.000324806168527231,   0.00100478727991135;
 -0.000324806168527231,   0.00357539897485075,  -0.00829288657758321;
   0.00100478727991135,  -0.00829288657758321,    0.0256245532285061]
*********************************************************************************************
第31个点的真值:
[ 733210.6262, 4344391.6689,    1500.1828]
第31个点的初始近似值:
[0, 0, 0]

第31个点在第1轮平差后的改正数：
[733210.675902665, 4344391.59396958, 1500.16682785749]
第31个点在第1轮平差后的平差值：
[733210.675902665, 4344391.59396958, 1500.16682785749]
第31个点在第1轮平差后的单位权中误差：
0.000430311
第31个点在第1轮平差后的未知数中误差：
[0.000478357886192618, 0.000917480371342113,   -0.002319928921845;
 0.000917480371342112,  0.00216507988216231, -0.00528351873330634;
   -0.002319928921845, -0.00528351873330634,   0.0133602780138151]

第31个点在第2轮平差后的改正数：
[-0.0496879710758038,  0.0749117398981641,  0.0160048913264302]
第31个点在第2轮平差后的平差值：
[733210.626214694, 4344391.66888132, 1500.18283274882]
第31个点在第2轮平差后的单位权中误差：
0.00103532
第31个点在第2轮平差后的未知数中误差：
[  0.00143300794687211, -0.000595116349382419,   0.00179637093682005;
 -0.000595116349382419,   0.00561074966338557,   -0.0128529111348573;
   0.00179637093682005,   -0.0128529111348573,    0.0387590177393481]
*********************************************************************************************
第32个点的真值:
[ 735486.9368, 4339568.0575,     1661.897]
第32个点的初始近似值:
[0, 0, 0]

第32个点在第1轮平差后的改正数：
[735486.886919808, 4339568.06365037, 1662.22189559042]
第32个点在第1轮平差后的平差值：
[735486.886919808, 4339568.06365037, 1662.22189559042]
第32个点在第1轮平差后的单位权中误差：
0.000112955
第32个点在第1轮平差后的未知数中误差：
[0.000290720465908427, 0.000284940318799514,  0.00185455145590548;
 0.000284940318799514, 0.000802632280357819,  0.00415680922379785;
  0.00185455145590548,  0.00415680922379785,   0.0270431956804758]

第32个点在第2轮平差后的改正数：
[  0.0499175894056728, -0.00616858268352284,   -0.324908369497012]
第32个点在第2轮平差后的平差值：
[735486.936837397, 4339568.05748178, 1661.89698722093]
第32个点在第2轮平差后的单位权中误差：
0.0013254
第32个点在第2轮平差后的未知数中误差：
[ 0.00238630174684558, 0.000719175501821176,  0.00427899574888718;
 0.000719175501821176,  0.00417906300102918,   0.0121267042582975;
  0.00427899574888718,   0.0121267042582975,   0.0714574418400194]
*********************************************************************************************
第33个点的真值:
[735461.6592, 4339764.398,   1655.5743]
第33个点的初始近似值:
[0, 0, 0]

第33个点在第1轮平差后的改正数：
[735461.547467012, 4339764.24248771, 1654.88494086266]
第33个点在第1轮平差后的平差值：
[735461.547467012, 4339764.24248771, 1654.88494086266]
第33个点在第1轮平差后的单位权中误差：
0.000187222
第33个点在第1轮平差后的未知数中误差：
[0.000631273186884294, 0.000620085192826922,  0.00386176221598477;
 0.000620085192826922,  0.00463014966862057,   0.0254726550006221;
  0.00386176221598477,   0.0254726550006221,    0.158523335556134]

第33个点在第2轮平差后的改正数：
[0.111738690725557, 0.155508294157905, 0.689313719666052]
第33个点在第2轮平差后的平差值：
[735461.659205703, 4339764.39799601, 1655.57425458232]
第33个点在第2轮平差后的单位权中误差：
0.00133995
第33个点在第2轮平差后的未知数中误差：
[0.00228146027841059, 0.00047051546454931, 0.00282693898347434;
 0.00047051546454931, 0.00434327574010192,  0.0128829213194632;
 0.00282693898347434,  0.0128829213194632,  0.0762465108002765]

第33个点在第3轮平差后的改正数：
[ -3.3579032417985e-07, -1.88520454116786e-07, -4.79977040825099e-07]
第33个点在第3轮平差后的平差值：
[735461.659205367, 4339764.39799582, 1655.57425410234]
第33个点在第3轮平差后的单位权中误差：
0.00134005
第33个点在第3轮平差后的未知数中误差：
[  0.0022814547324132, 0.000470512667948524,  0.00282692415944532;
 0.000470512667948524,  0.00434325960456735,   0.0128828619942348;
  0.00282692415944532,   0.0128828619942348,   0.0762462062251614]
*********************************************************************************************
第34个点的真值:
[ 735651.4628, 4339851.1219,     1654.563]
第34个点的初始近似值:
[0, 0, 0]

第34个点在第1轮平差后的改正数：
[ 735651.39290922, 4339851.04140949, 1654.36346882582]
第34个点在第1轮平差后的平差值：
[ 735651.39290922, 4339851.04140949, 1654.36346882582]
第34个点在第1轮平差后的单位权中误差：
0.000110834
第34个点在第1轮平差后的未知数中误差：
[0.000222553036918936, 0.000158215613587958,  0.00129899225133784;
 0.000158215613587958, 0.000542759508440683,  0.00316042803183598;
  0.00129899225133784,  0.00316042803183598,   0.0259317295178277]

第34个点在第2轮平差后的改正数：
[0.0698960767596475, 0.0805173422419582,  0.199520756309804]
第34个点在第2轮平差后的平差值：
[735651.462805297, 4339851.12192683, 1654.56298958213]
第34个点在第2轮平差后的单位权中误差：
0.000875248
第34个点在第2轮平差后的未知数中误差：
[0.000984825157950792, 0.000175634299241797,  0.00129278289286776;
 0.000175634299241797,  0.00152317416252122,  0.00431212449105248;
  0.00129278289286776,  0.00431212449105249,   0.0312422371267446]
*********************************************************************************************
第35个点的真值:
[ 735620.2309, 4340778.8286,    1627.1627]
第35个点的初始近似值:
[0, 0, 0]

第35个点在第1轮平差后的改正数：
[ 735620.17399547, 4340778.84197293, 1627.79535261355]
第35个点在第1轮平差后的平差值：
[ 735620.17399547, 4340778.84197293, 1627.79535261355]
第35个点在第1轮平差后的单位权中误差：
0.000279186
第35个点在第1轮平差后的未知数中误差：
[0.000782265682404473, 1.57858213863256e-05, 0.000480377735627229;
 1.57858213863256e-05, 0.000826004055822954,  0.00150607154750662;
 0.000480377735627229,  0.00150607154750662,    0.046485234509048]

第35个点在第2轮平差后的改正数：
[ 0.0569416216565769, -0.0134103537021657,  -0.632644618234796]
第35个点在第2轮平差后的平差值：
[735620.230937092, 4340778.82856258, 1627.16270799532]
第35个点在第2轮平差后的单位权中误差：
0.00169035
第35个点在第2轮平差后的未知数中误差：
[  0.00242776245590033, -8.52800159996146e-05,  -0.00168846501820695;
 -8.52800159996146e-05,   0.00253132455665263,   0.00310944172616028;
  -0.00168846501820695,   0.00310944172616028,    0.0637069436370465]

第35个点在第3轮平差后的改正数：
[9.78805807047291e-08, 7.76497321083548e-08, 2.45921528279974e-06]
第35个点在第3轮平差后的平差值：
[ 735620.23093719, 4340778.82856266, 1627.16271045453]
第35个点在第3轮平差后的单位权中误差：
0.00169024
第35个点在第3轮平差后的未知数中误差：
[  0.00242776482931964, -8.52805805663273e-05,  -0.00168847572491735;
 -8.52805805663273e-05,   0.00253132676667167,   0.00310944700653085;
  -0.00168847572491735,   0.00310944700653085,    0.0637070023453425]
*********************************************************************************************
第36个点的真值:
[ 735455.8281, 4342904.6451,    1560.9711]
第36个点的初始近似值:
[0, 0, 0]

第36个点在第1轮平差后的改正数：
[735455.766983588, 4342905.00673053, 1559.52954985946]
第36个点在第1轮平差后的平差值：
[735455.766983588, 4342905.00673053, 1559.52954985946]
第36个点在第1轮平差后的单位权中误差：
0.000815683
第36个点在第1轮平差后的未知数中误差：
[ 0.00878660795130914, -0.00493573378740061,   0.0224885592279189;
 -0.00493573378740061,   0.0335573890719242,   -0.116963081145465;
   0.0224885592279189,   -0.116963081145465,    0.531914084823992]

第36个点在第2轮平差后的改正数：
[0.0611607605044104, -0.361660366454229,   1.44158932931465]
第36个点在第2轮平差后的平差值：
[735455.828144348, 4342904.64507016, 1560.97113918878]
第36个点在第2轮平差后的单位权中误差：
0.00283233
